0.060453 0.879873 0.015277 0.009330 0.035066
0.999960 0.000010 0.000010 0.000010 0.000010
0.052107 0.901823 0.012564 0.007304 0.026202
0.056212 0.899392 0.018569 0.006955 0.018872
0.022199 0.941565 0.012858 0.008404 0.014975
0.054692 0.922115 0.005970 0.009091 0.008132
0.000010 0.000010 0.999960 0.000010 0.000010
0.999960 0.000010 0.000010 0.000010 0.000010
0.044768 0.901586 0.008218 0.008551 0.036878
0.019555 0.930345 0.008206 0.009988 0.031906
0.032893 0.920303 0.003665 0.010043 0.033097
0.003955 0.978333 0.008268 0.009433 0.000010
0.039127 0.913231 0.012571 0.009802 0.025270
0.000010 0.979325 0.010106 0.010550 0.000010
0.048175 0.907392 0.010753 0.011314 0.022366
0.000010 0.972288 0.003657 0.011211 0.012834
0.021507 0.943236 0.008339 0.006116 0.020802
0.047891 0.911264 0.007708 0.013938 0.019200
0.000010 0.000010 0.000010 0.000010 0.999960
0.000010 0.000010 0.000010 0.999960 0.000010
0.036148 0.918268 0.011734 0.008764 0.025085
0.018349 0.916047 0.005087 0.021666 0.038851
0.033109 0.909561 0.008921 0.012882 0.035526
0.000010 0.950334 0.005537 0.017860 0.026258
0.002569 0.976518 0.000010 0.005803 0.015101
0.000010 0.981071 0.003257 0.015653 0.000010
0.000010 0.000010 0.000010 0.000010 0.999960
0.038656 0.881243 0.008868 0.006116 0.065118
0.000010 0.990603 0.009367 0.000010 0.000010
0.049735 0.902411 0.006720 0.006178 0.034956
0.038522 0.930214 0.004619 0.006172 0.020473
0.999960 0.000010 0.000010 0.000010 0.000010
0.999960 0.000010 0.000010 0.000010 0.000010
0.000010 0.000010 0.000010 0.000010 0.999960
0.000010 0.968599 0.007651 0.005306 0.018434
0.000010 0.981919 0.000010 0.002614 0.015447
