0.000010 0.999900 0.000010 0.000010 0.000010 0.000010 0.000010 0.000010 0.000010 0.000010 0.000010
0.000010 0.000010 0.000010 0.000010 0.000010 0.000010 0.000010 0.000010 0.000010 0.999900 0.000010
0.105070 0.023951 0.100007 0.089082 0.260133 0.020914 0.098031 0.101934 0.064582 0.107802 0.028494
0.000010 0.000010 0.999899 0.000011 0.000010 0.000010 0.000010 0.000010 0.000010 0.000010 0.000010
0.103187 0.027417 0.103451 0.095552 0.257255 0.024036 0.097162 0.103280 0.063243 0.094630 0.030786
0.999900 0.000010 0.000010 0.000010 0.000010 0.000010 0.000010 0.000010 0.000010 0.000010 0.000010
0.098657 0.025564 0.111728 0.090428 0.258845 0.020432 0.100382 0.104889 0.065700 0.095806 0.027568
0.000010 0.000010 0.000010 0.999900 0.000010 0.000010 0.000010 0.000010 0.000010 0.000010 0.000010
0.000010 0.000010 0.000010 0.000010 0.000010 0.000010 0.999900 0.000010 0.000010 0.000010 0.000010
0.112729 0.018344 0.090022 0.099412 0.270942 0.022880 0.103411 0.102780 0.054206 0.098178 0.027096
0.094706 0.023391 0.099530 0.095830 0.259072 0.023684 0.104121 0.107214 0.062183 0.101216 0.029054
0.138392 0.018431 0.092895 0.090501 0.248267 0.023592 0.099794 0.104310 0.064114 0.092606 0.027098
0.000010 0.000010 0.999900 0.000010 0.000010 0.000010 0.000010 0.000010 0.000010 0.000010 0.000010
0.099113 0.021918 0.102445 0.100135 0.254171 0.019200 0.099452 0.109160 0.065493 0.099301 0.029610
0.000010 0.000010 0.000010 0.000010 0.000010 0.000010 0.999900 0.000010 0.000010 0.000010 0.000010
0.106614 0.019819 0.096512 0.089226 0.271018 0.023910 0.097819 0.103869 0.065107 0.096785 0.029322
0.999900 0.000010 0.000010 0.000010 0.000010 0.000010 0.000010 0.000010 0.000010 0.000010 0.000010
0.000010 0.000010 0.000010 0.000010 0.999900 0.000010 0.000010 0.000010 0.000010 0.000010 0.000010
0.000010 0.000010 0.000010 0.999900 0.000010 0.000010 0.000010 0.000010 0.000010 0.000010 0.000010
0.096860 0.019526 0.093947 0.102345 0.250707 0.026324 0.098104 0.110273 0.067595 0.098547 0.035773
0.096778 0.027593 0.093950 0.100508 0.260254 0.026306 0.099499 0.102187 0.066761 0.100343 0.025821
0.000010 0.000010 0.000010 0.000010 0.000010 0.000010 0.000010 0.000010 0.999900 0.000010 0.000010
0.000010 0.000010 0.000011 0.000010 0.000010 0.000010 0.000010 0.000011 0.000010 0.999898 0.000010
0.000010 0.000010 0.000010 0.000010 0.000010 0.999900 0.000010 0.000010 0.000010 0.000010 0.000010
0.105398 0.015919 0.091505 0.092085 0.252396 0.025283 0.096495 0.112148 0.069383 0.103419 0.035968
0.000011 0.000010 0.000010 0.000010 0.000010 0.000010 0.000010 0.000015 0.000010 0.000010 0.999894
0.000010 0.000010 0.000010 0.000010 0.999900 0.000010 0.000010 0.000010 0.000010 0.000010 0.000010
0.089380 0.018160 0.085920 0.091499 0.296483 0.019237 0.096345 0.116075 0.063576 0.098709 0.024618
0.000010 0.000010 0.000010 0.000010 0.000010 0.000010 0.000010 0.000010 0.999900 0.000010 0.000010
0.087531 0.019528 0.094940 0.083733 0.238715 0.023587 0.085026 0.121105 0.133381 0.085179 0.027274
0.103754 0.016419 0.090282 0.090470 0.272881 0.023136 0.093237 0.122856 0.062986 0.096338 0.027640
0.000010 0.000010 0.000010 0.000010 0.000010 0.000010 0.000010 0.999900 0.000010 0.000010 0.000010
0.000010 0.000010 0.000010 0.000010 0.999894 0.000016 0.000010 0.000010 0.000010 0.000010 0.000010
0.000010 0.000010 0.000010 0.000010 0.000010 0.000010 0.000010 0.999900 0.000010 0.000010 0.000010
0.092662 0.021848 0.093478 0.092259 0.281374 0.017284 0.085600 0.113470 0.077666 0.098353 0.026007
0.096251 0.015602 0.089723 0.086733 0.286330 0.020247 0.094013 0.118396 0.064146 0.098357 0.030202
