0.000010 0.999920 0.000010 0.000010 0.000010 0.000010 0.000010 0.000010 0.000010
0.000010 0.000010 0.000010 0.999920 0.000010 0.000010 0.000010 0.000010 0.000010
0.023004 0.044341 0.018977 0.065539 0.700728 0.026951 0.095737 0.011954 0.012767
0.000010 0.000010 0.000010 0.000010 0.000010 0.999920 0.000010 0.000010 0.000010
0.031429 0.050142 0.012470 0.042697 0.727874 0.013201 0.100909 0.005396 0.015883
0.029786 0.024374 0.006226 0.042187 0.764032 0.017211 0.097937 0.009121 0.009127
0.000014 0.999913 0.000010 0.000010 0.000010 0.000010 0.000013 0.000010 0.000010
0.006284 0.008081 0.001644 0.000010 0.844698 0.021252 0.108828 0.000526 0.008676
0.027046 0.019352 0.012057 0.000010 0.812459 0.013273 0.102346 0.002806 0.010652
0.999920 0.000010 0.000010 0.000010 0.000010 0.000010 0.000010 0.000010 0.000010
0.000010 0.000010 0.000010 0.000010 0.999920 0.000010 0.000010 0.000010 0.000010
0.006275 0.002830 0.000010 0.000010 0.879157 0.000010 0.111688 0.000010 0.000010
0.019655 0.038420 0.012894 0.035234 0.736176 0.014730 0.106554 0.018119 0.018218
0.051677 0.034309 0.003445 0.031158 0.765854 0.002707 0.109412 0.001427 0.000010
0.000010 0.000010 0.000010 0.000010 0.000010 0.000010 0.000010 0.000010 0.999920
0.002242 0.000010 0.000010 0.000010 0.878295 0.001095 0.113935 0.004393 0.000010
0.030643 0.020570 0.004575 0.000010 0.826211 0.008668 0.107056 0.002257 0.000010
0.000010 0.000012 0.000010 0.000011 0.000010 0.000010 0.000010 0.999917 0.000010
0.999920 0.000010 0.000010 0.000010 0.000010 0.000010 0.000010 0.000010 0.000010
0.031598 0.019265 0.017558 0.035296 0.780804 0.000010 0.099021 0.006971 0.009477
0.033559 0.049213 0.012254 0.054045 0.702999 0.019210 0.108218 0.007035 0.013469
0.000010 0.000010 0.999920 0.000010 0.000010 0.000010 0.000010 0.000010 0.000010
0.000010 0.000010 0.000010 0.999920 0.000010 0.000010 0.000010 0.000010 0.000010
0.028260 0.000010 0.011149 0.000010 0.848238 0.000010 0.110070 0.000010 0.002242
0.000010 0.000010 0.000010 0.000010 0.999920 0.000010 0.000010 0.000010 0.000010
0.000010 0.000010 0.000010 0.000010 0.999920 0.000010 0.000010 0.000010 0.000010
0.000010 0.000010 0.000010 0.000010 0.000010 0.999917 0.000010 0.000013 0.000010
0.000010 0.000010 0.000010 0.000010 0.000010 0.000010 0.000010 0.000010 0.999920
0.000010 0.000010 0.000010 0.000010 0.000010 0.000010 0.999920 0.000010 0.000010
0.018421 0.022399 0.011423 0.033942 0.654100 0.012720 0.232467 0.005185 0.009343
0.000010 0.000010 0.000010 0.000010 0.867114 0.000010 0.132816 0.000010 0.000010
0.000010 0.000012 0.000010 0.000010 0.000010 0.000015 0.999913 0.000010 0.000010
0.000010 0.000010 0.999920 0.000010 0.000010 0.000010 0.000010 0.000010 0.000010
0.000010 0.000010 0.000010 0.000010 0.864266 0.000010 0.135664 0.000010 0.000010
0.000010 0.000010 0.000010 0.999920 0.000010 0.000010 0.000010 0.000010 0.000010
0.000010 0.000010 0.000010 0.000010 0.879979 0.000010 0.119951 0.000010 0.000010
