0.936763 0.014623 0.025702 0.022912
0.964572 0.029129 0.006290 0.000010
0.934711 0.028223 0.025276 0.011790
0.959361 0.017952 0.006062 0.016625
0.945654 0.012785 0.025974 0.015587
0.945208 0.032618 0.000010 0.022164
0.934279 0.022139 0.015644 0.027938
0.930610 0.016080 0.032302 0.021008
0.915443 0.016399 0.031597 0.036562
0.000010 0.999970 0.000010 0.000010
0.919071 0.018660 0.036615 0.025655
0.934064 0.031347 0.019325 0.015264
0.926351 0.019037 0.033429 0.021183
0.000010 0.000010 0.000010 0.999970
0.933663 0.027159 0.016945 0.022234
0.910122 0.030420 0.036929 0.022530
0.921745 0.034912 0.029890 0.013453
0.959102 0.015312 0.017716 0.007871
0.000010 0.000010 0.000010 0.999970
0.907748 0.024006 0.036397 0.031849
0.911034 0.024975 0.031719 0.032273
0.903370 0.015665 0.045246 0.035719
0.892633 0.027954 0.037914 0.041499
0.000010 0.000010 0.999970 0.000010
0.919589 0.024103 0.041787 0.014521
0.949794 0.016498 0.026733 0.006976
0.000010 0.000010 0.999970 0.000010
0.912664 0.025875 0.060881 0.000580
0.999970 0.000010 0.000010 0.000010
0.907969 0.035978 0.045873 0.010180
0.929159 0.023649 0.043028 0.004165
0.000010 0.999970 0.000010 0.000010
0.917789 0.042961 0.037766 0.001484
0.000010 0.000015 0.999965 0.000010
0.934327 0.032753 0.027066 0.005854
0.000010 0.999970 0.000010 0.000010
