0.000010 0.999908 0.000010 0.000012 0.000010 0.000010 0.000010 0.000010 0.000010 0.000010
0.011224 0.069213 0.075200 0.017857 0.058043 0.609768 0.036454 0.010317 0.077645 0.034278
0.000010 0.000010 0.999910 0.000010 0.000010 0.000010 0.000010 0.000010 0.000010 0.000010
0.000010 0.000010 0.999910 0.000010 0.000010 0.000010 0.000010 0.000010 0.000010 0.000010
0.000010 0.000010 0.000010 0.000010 0.000010 0.000010 0.000010 0.000010 0.000010 0.999910
0.013901 0.068442 0.089634 0.019694 0.066078 0.583850 0.035656 0.014943 0.071554 0.036247
0.000010 0.000010 0.000010 0.000010 0.000010 0.000010 0.000010 0.000010 0.999910 0.000010
0.018927 0.075470 0.077373 0.016951 0.066013 0.590019 0.031592 0.012166 0.067236 0.044253
0.021472 0.066997 0.076001 0.016171 0.060496 0.598292 0.032097 0.022181 0.074402 0.031892
0.000010 0.000010 0.000010 0.000010 0.999910 0.000010 0.000010 0.000010 0.000010 0.000010
0.011257 0.073003 0.074053 0.015441 0.057245 0.599977 0.037582 0.017782 0.073510 0.040150
0.000010 0.000010 0.000010 0.000010 0.000010 0.000010 0.999910 0.000010 0.000010 0.000010
0.012369 0.070946 0.062165 0.014242 0.067434 0.598459 0.038314 0.010516 0.079672 0.045883
0.000010 0.000010 0.000012 0.000010 0.999907 0.000010 0.000010 0.000010 0.000010 0.000010
0.014074 0.070712 0.075674 0.019134 0.068337 0.586033 0.033504 0.016741 0.079316 0.036475
0.017175 0.070340 0.064423 0.019748 0.070116 0.607400 0.028628 0.010931 0.072941 0.038298
0.999882 0.000011 0.000010 0.000013 0.000014 0.000020 0.000018 0.000012 0.000010 0.000010
0.014123 0.072444 0.075757 0.014419 0.057779 0.612877 0.031605 0.011924 0.074510 0.034563
0.000010 0.000010 0.000010 0.000010 0.000010 0.000010 0.000010 0.999910 0.000010 0.000010
0.000010 0.999910 0.000010 0.000010 0.000010 0.000010 0.000010 0.000010 0.000010 0.000010
0.013841 0.078125 0.076841 0.018940 0.061097 0.570421 0.034346 0.019620 0.082641 0.044129
0.015406 0.082001 0.070307 0.023555 0.058999 0.569230 0.038076 0.023652 0.079693 0.039083
0.014361 0.075053 0.079562 0.021918 0.063722 0.569829 0.030700 0.023475 0.083017 0.038363
0.014874 0.071537 0.066128 0.021399 0.056830 0.612811 0.030938 0.019148 0.067694 0.038641
0.000010 0.000010 0.000010 0.999910 0.000010 0.000010 0.000010 0.000010 0.000010 0.000010
0.016753 0.077151 0.071052 0.025251 0.057990 0.603333 0.029529 0.011129 0.070100 0.037712
0.000010 0.000010 0.000010 0.000010 0.000010 0.000014 0.000010 0.000010 0.000010 0.999906
0.000010 0.000010 0.000010 0.000010 0.000010 0.000010 0.000010 0.000010 0.999910 0.000010
0.000010 0.000010 0.000016 0.000010 0.000010 0.999904 0.000010 0.000010 0.000010 0.000010
0.000010 0.000010 0.000010 0.000010 0.000010 0.999910 0.000010 0.000010 0.000010 0.000010
0.000010 0.000010 0.000010 0.000010 0.000010 0.999910 0.000010 0.000010 0.000010 0.000010
0.000015 0.000010 0.000010 0.000010 0.000010 0.000013 0.999894 0.000018 0.000010 0.000010
0.000010 0.000010 0.000010 0.000010 0.000010 0.999910 0.000010 0.000010 0.000010 0.000010
0.000010 0.000010 0.000010 0.000010 0.000010 0.999910 0.000010 0.000010 0.000010 0.000010
0.000010 0.000010 0.000010 0.000010 0.000010 0.000011 0.000010 0.000010 0.999909 0.000010
0.000010 0.000010 0.000010 0.000010 0.000010 0.999910 0.000010 0.000010 0.000010 0.000010
