0.025532 0.905769 0.068699
0.010688 0.930627 0.058686
0.015132 0.897777 0.087092
0.010109 0.897033 0.092858
0.019913 0.915594 0.064493
0.000010 0.000010 0.999980
0.017618 0.931656 0.050726
0.010297 0.888142 0.101561
0.000010 0.000010 0.999980
0.006250 0.938323 0.055427
0.015528 0.899950 0.084522
0.008087 0.919708 0.072205
0.006405 0.924302 0.069294
0.006153 0.926778 0.067069
0.012288 0.915341 0.072371
0.009468 0.916564 0.073968
0.007794 0.905222 0.086984
0.010830 0.908435 0.080735
0.020326 0.892262 0.087412
0.010429 0.917014 0.072557
0.999980 0.000010 0.000010
0.014891 0.903852 0.081257
0.021764 0.904986 0.073250
0.017383 0.918219 0.064398
0.015142 0.911614 0.073244
0.000010 0.987926 0.012064
0.033153 0.966837 0.000010
0.999980 0.000010 0.000010
0.000010 0.999980 0.000010
0.006633 0.940203 0.053163
0.009036 0.921902 0.069062
0.006720 0.931605 0.061675
0.005956 0.965962 0.028083
0.000010 0.000010 0.999980
0.019425 0.940070 0.040505
0.004008 0.942024 0.053969
