0.005266 0.004106 0.014027 0.011545 0.013571 0.115755 0.835730
0.016602 0.000010 0.000603 0.000010 0.000010 0.114486 0.868280
0.006817 0.000010 0.000010 0.000010 0.003421 0.000010 0.989722
0.023790 0.000010 0.005925 0.002448 0.004801 0.100387 0.862639
0.000010 0.000010 0.000010 0.000010 0.999940 0.000010 0.000010
0.999940 0.000010 0.000010 0.000010 0.000010 0.000010 0.000010
0.013369 0.000010 0.015628 0.014917 0.008659 0.115977 0.831440
0.028754 0.007219 0.001479 0.013852 0.004456 0.089920 0.854319
0.016697 0.012067 0.020496 0.010073 0.000942 0.102241 0.837485
0.028144 0.006253 0.018580 0.035347 0.005568 0.089977 0.816131
0.000010 0.000010 0.000010 0.000010 0.000010 0.000010 0.999940
0.000010 0.000010 0.000010 0.000010 0.000010 0.000010 0.999940
0.016424 0.008117 0.000010 0.016828 0.008917 0.108256 0.841448
0.000010 0.000010 0.000010 0.999940 0.000010 0.000010 0.000010
0.999940 0.000010 0.000010 0.000010 0.000010 0.000010 0.000010
0.005150 0.007236 0.000010 0.015114 0.000010 0.100680 0.871800
0.000010 0.003391 0.000010 0.000010 0.001102 0.096578 0.898899
0.003332 0.002072 0.000010 0.000152 0.001898 0.117178 0.875358
0.000010 0.000010 0.999940 0.000010 0.000010 0.000010 0.000010
0.012151 0.020641 0.013546 0.012317 0.002230 0.084530 0.854585
0.002593 0.007575 0.012268 0.012896 0.006337 0.113321 0.845010
0.008462 0.019124 0.024730 0.007525 0.002945 0.076324 0.860891
0.000010 0.000010 0.018154 0.008523 0.000010 0.000010 0.973283
0.000010 0.999940 0.000010 0.000010 0.000010 0.000010 0.000010
0.013724 0.017369 0.001323 0.003958 0.003440 0.100788 0.859398
0.010029 0.005311 0.000010 0.002521 0.003507 0.102703 0.875919
0.000010 0.000010 0.028477 0.000010 0.000010 0.122727 0.848756
0.000016 0.000010 0.999925 0.000010 0.000010 0.000019 0.000010
0.000010 0.000010 0.000010 0.000010 0.000010 0.999940 0.000010
0.009072 0.026868 0.006909 0.002748 0.007209 0.258179 0.689015
0.003601 0.015369 0.000010 0.001424 0.001355 0.144742 0.833500
0.000010 0.000010 0.000010 0.000010 0.000010 0.999940 0.000010
0.000010 0.000010 0.000010 0.000010 0.000010 0.999940 0.000010
0.000010 0.999940 0.000010 0.000010 0.000010 0.000010 0.000010
0.000010 0.003789 0.003639 0.006112 0.004433 0.131942 0.850075
0.000010 0.000089 0.000499 0.000010 0.000010 0.136852 0.862530
