0.000010 0.999950 0.000010 0.000010 0.000010 0.000010
0.020902 0.012205 0.866609 0.074497 0.014134 0.011653
0.999950 0.000010 0.000010 0.000010 0.000010 0.000010
0.016443 0.014156 0.897741 0.056917 0.001161 0.013582
0.017830 0.026704 0.857745 0.070772 0.004612 0.022338
0.022759 0.007134 0.906053 0.048160 0.006450 0.009444
0.024194 0.023518 0.849868 0.084927 0.008397 0.009096
0.002791 0.008560 0.910404 0.058908 0.007699 0.011639
0.008506 0.000010 0.919771 0.057208 0.003579 0.010926
0.000603 0.002867 0.985680 0.000010 0.010830 0.000010
0.018888 0.014950 0.841190 0.080383 0.022568 0.022021
0.000010 0.000010 0.999950 0.000010 0.000010 0.000010
0.009700 0.007610 0.870841 0.083693 0.012248 0.015908
0.000010 0.008040 0.946901 0.043678 0.000010 0.001361
0.008912 0.003688 0.890536 0.069816 0.005884 0.021164
0.000010 0.000010 0.000010 0.000010 0.999950 0.000010
0.000010 0.001439 0.921816 0.047975 0.013714 0.015046
0.016744 0.014252 0.853491 0.079006 0.014864 0.021644
0.002487 0.003048 0.947621 0.039427 0.000010 0.007407
0.003216 0.002623 0.895592 0.068971 0.002628 0.026970
0.014868 0.026644 0.872825 0.061487 0.011942 0.012234
0.017924 0.011207 0.900753 0.035217 0.011841 0.023058
0.022919 0.018473 0.854773 0.076937 0.006905 0.019994
0.007548 0.000010 0.869337 0.084755 0.011324 0.027024
0.007175 0.000010 0.880846 0.077156 0.011028 0.023785
0.000010 0.000010 0.000010 0.000010 0.000010 0.999950
0.000010 0.000010 0.000010 0.000010 0.999950 0.000010
0.999950 0.000010 0.000010 0.000010 0.000010 0.000010
0.000010 0.000010 0.000010 0.999950 0.000010 0.000010
0.014421 0.017470 0.716669 0.227319 0.000542 0.023578
0.000010 0.000010 0.000010 0.999950 0.000010 0.000010
0.009612 0.003986 0.843732 0.117828 0.000010 0.024832
0.000010 0.000010 0.000010 0.000010 0.000010 0.999950
0.000010 0.000010 0.000010 0.999950 0.000010 0.000010
0.000010 0.999946 0.000011 0.000013 0.000010 0.000010
0.006649 0.000010 0.863631 0.096627 0.012825 0.020257
