0.000010 0.999930 0.000010 0.000010 0.000010 0.000010 0.000010 0.000010
0.000010 0.001517 0.000010 0.000010 0.011468 0.145927 0.006411 0.834646
0.004750 0.005389 0.000010 0.000010 0.001379 0.138347 0.000010 0.850106
0.000952 0.005643 0.013634 0.000012 0.000010 0.133458 0.000010 0.846281
0.005599 0.012891 0.010104 0.001892 0.011779 0.132472 0.013633 0.811632
0.000010 0.000603 0.029885 0.004775 0.009024 0.135921 0.014048 0.805734
0.000010 0.000010 0.000010 0.000010 0.000010 0.000010 0.000010 0.999930
0.000010 0.000010 0.999930 0.000010 0.000010 0.000010 0.000010 0.000010
0.003631 0.003822 0.036950 0.002191 0.009774 0.132227 0.032734 0.778671
0.000010 0.000010 0.000010 0.000010 0.999930 0.000010 0.000010 0.000010
0.006454 0.006046 0.016201 0.000573 0.004711 0.138774 0.016815 0.810427
0.000010 0.000010 0.000010 0.000010 0.000010 0.000010 0.999930 0.000010
0.000010 0.002029 0.032631 0.008159 0.005402 0.134958 0.012327 0.804484
0.000010 0.000010 0.999930 0.000010 0.000010 0.000010 0.000010 0.000010
0.002799 0.000758 0.010239 0.003380 0.017617 0.143123 0.012678 0.809405
0.002206 0.000929 0.020196 0.006645 0.013886 0.146016 0.017027 0.793096
0.000010 0.000010 0.000010 0.000010 0.000010 0.000010 0.999930 0.000010
0.002667 0.003598 0.015117 0.003376 0.005998 0.141364 0.011700 0.816180
0.007149 0.001397 0.007463 0.004891 0.020791 0.141537 0.006647 0.810126
0.000010 0.000010 0.000010 0.999930 0.000010 0.000010 0.000010 0.000010
0.999923 0.000017 0.000010 0.000010 0.000010 0.000010 0.000010 0.000010
0.004053 0.002650 0.012166 0.018066 0.005734 0.129333 0.022612 0.805387
0.006657 0.004512 0.002569 0.008461 0.003226 0.137217 0.000010 0.837349
0.000010 0.000010 0.000010 0.000010 0.000010 0.000010 0.000010 0.999930
0.001248 0.000010 0.000010 0.000010 0.000010 0.142475 0.017838 0.838399
0.000010 0.000051 0.000012 0.004768 0.000010 0.143235 0.003839 0.848075
0.001852 0.002956 0.000010 0.000010 0.040793 0.139347 0.000010 0.815022
0.000010 0.000010 0.000010 0.000010 0.999930 0.000010 0.000010 0.000010
0.000010 0.000010 0.000010 0.000010 0.000010 0.999930 0.000010 0.000010
0.004313 0.003017 0.019823 0.015529 0.005756 0.245548 0.008773 0.697241
0.000010 0.000010 0.000010 0.000010 0.000010 0.147449 0.000010 0.852491
0.000010 0.000010 0.000010 0.999930 0.000010 0.000010 0.000010 0.000010
0.000010 0.000010 0.999930 0.000010 0.000010 0.000010 0.000010 0.000010
0.000010 0.000010 0.000010 0.020635 0.000010 0.145260 0.000010 0.834055
0.004560 0.004397 0.019763 0.003438 0.025639 0.147119 0.000010 0.795074
0.000010 0.000010 0.000010 0.000010 0.000010 0.999930 0.000010 0.000010
